1
1
2
3
5
8
13
21
34
55
89
144
233
377
610
987
1597
2584
4181
6765
10946
17711
28657
46368
75025
121393
196418
317811
514229
832040
1346269
2178309
3524578
5702887
9227465
14930352
24157817
39088169
63245986
102334155
165580141
267914296
433494437
701408733
1134903170
1836311903
2971215073
4807526976
7778742049
12586269025
20365011074
32951280099
53316291173
86267571272
139583862445
225851433717
365435296162
591286729879
956722026041
1548008755920
2504730781961
4052739537881
6557470319842
10610209857723
17167680177565
27777890035288
44945570212853
72723460248141
117669030460994
190392490709135
308061521170129
498454011879264
806515533049393
1304969544928657
2111485077978050
3416454622906707
5527939700884757
8944394323791464
14472334024676220
23416728348467684
37889062373143900
61305790721611580
99194853094755490
1.6050064381636707E+17
2.5969549691112256E+17
4.2019614072748966E+17
6.798916376386122E+17
1.1000877783661019E+18
1.779979416004714E+18
2.880067194370816E+18
4.66004661037553E+18
7.540113804746346E+18
1.2200160415121877E+19
1.9740274219868226E+19
3.19404346349901E+19
5.168070885485833E+19
8.362114348984843E+19
1.3530185234470676E+20
2.189229958345552E+20
3.54224848179262E+20
5.731478440138172E+20
9.273726921930792E+20
1.5005205362068963E+21
2.4278932283999755E+21
3.9284137646068717E+21
6.356306993006848E+21
1.028472075761372E+22
1.6641027750620568E+22
2.6925748508234288E+22
4.356677625885486E+22
7.049252476708914E+22
1.14059301025944E+23
1.8455182579303315E+23
2.9861112681897715E+23
4.831629526120103E+23
7.817740794309875E+23
1.2649370320429978E+24
2.0467111114739851E+24
3.3116481435169827E+24
5.358359254990968E+24
8.670007398507951E+24
1.402836665349892E+25
2.269837405200687E+25
3.6726740705505786E+25
5.942511475751265E+25
9.615185546301844E+25
1.555769702205311E+26
2.5172882568354952E+26
4.0730579590408064E+26
6.590346215876301E+26
1.0663404174917107E+27
1.7253750390793408E+27
2.791715456571052E+27
4.5170904956503927E+27
7.308805952221445E+27
1.1825896447871837E+28
1.9134702400093282E+28
3.096059884796512E+28
5.009530124805841E+28
8.105590009602353E+28
1.3115120134408193E+29
2.1220710144010545E+29
3.4335830278418734E+29
5.5556540422429276E+29
8.989237070084801E+29
1.454489111232773E+30
2.353412818241253E+30
3.807901929474026E+30
6.161314747715279E+30
9.969216677189305E+30
1.6130531424904583E+31
2.6099748102093888E+31
4.223027952699847E+31
6.8330027629092365E+31
1.1056030715609085E+32
1.788903347851832E+32
2.8945064194127406E+32
4.683409767264573E+32
7.577916186677313E+32
1.2261325953941887E+33
1.98392421406192E+33
3.2100568094561087E+33
5.193981023518028E+33
8.404037832974137E+33
1.3598018856492165E+34
2.20020566894663E+34
3.5600075545958467E+34
5.760213223542477E+34
9.320220778138323E+34
1.50804340016808E+35
2.4400654779819122E+35
3.9481088781499925E+35
6.388174356131905E+35
1.0336283234281898E+36
1.6724457590413803E+36
2.70607408246957E+36
4.37851984151095E+36
7.08459392398052E+36
1.146311376549147E+37
1.854770768947199E+37
3.001082145496346E+37
4.855852914443544E+37
7.85693505993989E+37
1.2712787974383434E+38
2.0569723034323324E+38
3.328251100870676E+38
5.385223404303009E+38
8.713474505173684E+38
1.409869790947669E+39
2.2812172414650375E+39
3.691087032412707E+39
5.972304273877745E+39
9.663391306290452E+39
1.5635695580168196E+40
2.529908688645865E+40
4.0934782466626846E+40
6.623386935308549E+40
1.0716865181971233E+41
1.7340252117279783E+41
2.8057117299251016E+41
4.53973694165308E+41
7.34544867157818E+41
1.188518561323126E+42
1.923063428480944E+42
3.11158198980407E+42
5.034645418285014E+42
8.146227408089083E+42
1.3180872826374099E+43
2.1327100234463182E+43
3.450797306083728E+43
5.583507329530046E+43
9.034304635613775E+43
1.4617811965143821E+44
2.3652116600757594E+44
3.826992856590142E+44
6.192204516665901E+44
1.0019197373256042E+45
1.6211401889921942E+45
2.6230599263177984E+45
4.2442001153099927E+45
6.86726004162779E+45
1.1111460156937784E+46
1.7978720198565574E+46
2.9090180355503355E+46
4.706890055406893E+46
7.615908090957229E+46
1.2322798146364122E+47
1.993870623732135E+47
3.2261504383685474E+47
5.2200210621006825E+47
8.44617150046923E+47
1.3666192562569911E+48
2.2112364063039142E+48
3.577855662560905E+48
5.7890920688648195E+48
9.366947731425724E+48
1.5156039800290544E+49
2.452298753171627E+49
3.967902733200681E+49
6.420201486372308E+49
1.0388104219572989E+50
1.6808305705945297E+50
2.7196409925518287E+50
4.400471563146358E+50
7.120112555698187E+50
1.1520584118844544E+51
1.864069667454273E+51
3.016128079338727E+51
4.880197746793E+51
7.896325826131728E+51
1.2776523572924728E+52
2.0672849399056455E+52
3.344937297198118E+52
5.412222237103764E+52
8.757159534301882E+52
1.4169381771405647E+53
2.2926541305707528E+53
3.7095923077113174E+53
6.002246438282071E+53
9.711838745993388E+53
1.571408518427546E+54
2.5425923930268848E+54
4.114000911454431E+54
6.656593304481316E+54
1.0770594215935747E+55
1.7427187520417062E+55
2.819778173635281E+55
4.562496925676987E+55
7.382275099312268E+55
1.1944772024989255E+56
1.9327047124301523E+56
3.1271819149290778E+56
5.05988662735923E+56
8.187068542288308E+56
1.3246955169647538E+57
2.1434023711935847E+57
3.4680978881583385E+57
5.611500259351923E+57
9.07959814751026E+57
1.4691098406862182E+58
2.3770696554372443E+58
3.846179496123462E+58
6.223249151560707E+58
1.0069428647684168E+59
1.6292677799244873E+59
2.636210644692904E+59
4.265478424617391E+59
6.901689069310295E+59
1.1167167493927686E+60
1.806885656323798E+60
2.923602405716567E+60
4.7304880620403654E+60
7.654090467756932E+60
1.2384578529797298E+61
2.003866899755423E+61
3.242324752735153E+61
5.246191652490576E+61
8.488516405225729E+61
1.3734708057716305E+62
2.2223224462942035E+62
3.5957932520658337E+62
5.818115698360037E+62
9.41390895042587E+62
1.5232024648785907E+63
2.4645933599211777E+63
3.987795824799768E+63
6.452389184720946E+63
1.0440185009520713E+64
1.6892574194241658E+64
2.733275920376237E+64
4.422533339800403E+64
7.15580926017664E+64
1.1578342599977044E+65
1.8734151860153683E+65
3.0312494460130726E+65
4.90466463202844E+65
7.9359140780415135E+65
1.2840578710069954E+66
2.0776492788111467E+66
3.361707149818142E+66
5.439356428629289E+66
8.801063578447432E+66
1.424042000707672E+67
2.3041483585524152E+67
3.728190359260087E+67
6.032338717812503E+67
9.760529077072589E+67
1.579286779488509E+68
2.555339687195768E+68
4.134626466684277E+68
6.689966153880045E+68
1.0824592620564322E+69
1.751455877444437E+69
2.833915139500869E+69
4.5853710169453055E+69
7.419286156446174E+69
1.200465717339148E+70
1.9423943329837654E+70
3.1428600503229136E+70
5.085254383306679E+70
8.228114433629592E+70
1.331336881693627E+71
2.1541483250565862E+71
3.485485206750213E+71
5.6396335318068E+71
9.125118738557013E+71
1.4764752270363813E+72
2.3889871008920825E+72
3.865462327928464E+72
6.254449428820547E+72
1.0119911756749011E+73
1.637436118556956E+73
2.649427294231857E+73
4.2868634127888125E+73
6.93629070702067E+73
1.1223154119809483E+74
1.8159444826830153E+74
2.9382598946639633E+74
4.754204377346978E+74
7.692464272010942E+74
1.244666864935792E+75
2.013913292136886E+75
3.258580157072678E+75
5.272493449209564E+75
8.531073606282242E+75
1.3803567055491806E+76
2.2334640661774048E+76
3.613820771726585E+76
5.84728483790399E+76
9.461105609630574E+76
1.5308390447534564E+77
2.476949605716514E+77
4.0077886504699705E+77
6.484738256186484E+77
1.0492526906656455E+78
1.697726516284294E+78
2.7469792069499394E+78
4.444705723234234E+78
7.191684930184173E+78
1.1636390653418406E+79
1.882807558360258E+79
3.046446623702099E+79
4.9292541820623566E+79
7.975700805764455E+79
1.290495498782681E+80
2.0880655793591266E+80
3.3785610781418077E+80
5.466626657500934E+80
8.845187735642742E+80
1.4311814393143676E+81
2.315700212878642E+81
3.7468816521930098E+81
6.062581865071651E+81
9.809463517264662E+81
1.5872045382336313E+82
2.5681508899600975E+82
4.155355428193729E+82
6.723506318153826E+82
1.0878861746347554E+83
1.760236806450138E+83
2.848122981084893E+83
4.608359787535031E+83
7.456482768619924E+83
1.2064842556154955E+84
1.952132532477488E+84
3.1586167880929834E+84
5.110749320570471E+84
8.269366108663455E+84
1.3380115429233926E+85
2.164948153789738E+85
3.5029596967131306E+85
5.667907850502869E+85
9.170867547216E+85
1.483877539771887E+86
2.400964294493487E+86
3.884841834265374E+86
6.285806128758862E+86
1.0170647963024235E+87
1.6456454091783097E+87
2.662710205480733E+87
4.308355614659043E+87
6.971065820139776E+87
1.127942143479882E+88
1.8250487254938595E+88
2.9529908689737415E+88
4.7780395944676006E+88
7.731030463441342E+88
1.2509070057908943E+89
2.0240100521350286E+89
3.274917057925923E+89
5.298927110060952E+89
8.573844167986874E+89
1.3872771278047826E+90
2.24466154460347E+90
3.631938672408253E+90
5.876600217011723E+90
9.508538889419975E+90
1.5385139106431697E+91
2.489367799585167E+91
4.0278817102283365E+91
6.5172495098135036E+91
1.054513122004184E+92
1.7062380729855341E+92
2.760751194989718E+92
4.466989267975252E+92
7.22774046296497E+92
1.1694729730940222E+93
1.8922470193905192E+93
3.0617199924845414E+93
4.95396701187506E+93
8.015687004359602E+93
1.2969654016234662E+94
2.0985341020594266E+94
3.395499503682893E+94
5.4940336057423194E+94
8.889533109425212E+94
1.438356671516753E+95
2.327309982459274E+95
3.765666653976027E+95
6.092976636435301E+95
9.858643290411328E+95
1.5951619926846628E+96
2.5810263217257956E+96
4.1761883144104584E+96
6.7572146361362535E+96
1.0933402950546712E+97
1.7690617586682965E+97
2.8624020537229677E+97
4.631463812391264E+97
7.493865866114232E+97
1.2125329678505497E+98
1.961919554461973E+98
3.1744525223125226E+98
5.1363720767744955E+98
8.310824599087018E+98
1.3447196675861514E+99
2.175802127494853E+99
3.520521795081005E+99
5.696323922575858E+99
9.216845717656862E+99
1.491316964023272E+100
2.413001535788958E+100
3.90431849981223E+100
6.317320035601188E+100
1.0221638535413418E+101
1.6538958571014605E+101
2.6760597106428023E+101
4.329955567744263E+101
7.006015278387065E+101
1.1335970846131328E+102
1.8341986124518392E+102
2.967795697064972E+102
4.801994309516812E+102
7.769790006581784E+102
1.2571784316098597E+103
2.034157432268038E+103
3.2913358638778977E+103
5.325493296145936E+103
8.616829160023833E+103
1.394232245616977E+104
2.2559151616193602E+104
3.6501474072363375E+104
5.906062568855698E+104
9.556209976092036E+104
1.5462272544947735E+105
2.501848252103977E+105
4.0480755065987505E+105
6.549923758702727E+105
1.0597999265301477E+106
1.7147923024004204E+106
2.774592228930568E+106
4.4893845313309884E+106
7.263976760261557E+106
1.1753361291592545E+107
1.9017338051854102E+107
3.0770699343446646E+107
4.978803739530075E+107
8.055873673874739E+107
1.3034677413404814E+108
2.1090551087279553E+108
3.412522850068437E+108
5.521577958796393E+108
8.93410080886483E+108
1.4455678767661223E+109
2.3389779576526055E+109
3.784545834418728E+109
6.123523792071334E+109
9.908069626490062E+109
1.6031593418561396E+110
2.5939663045051458E+110
4.197125646361285E+110
6.791091950866431E+110
1.0988217597227716E+111
1.7779309548094147E+111
2.8767527145321864E+111
4.654683669341601E+111
7.531436383873787E+111
1.218612005321539E+112
1.9717556437089175E+112
3.1903676490304564E+112
5.162123292739374E+112
8.35249094176983E+112
1.3514614234509204E+113
2.1867105176279034E+113
3.538171941078824E+113
5.724882458706727E+113
9.263054399785552E+113
1.498793685849228E+114
2.4250991258277832E+114
3.923892811677011E+114
6.348991937504794E+114
1.0272884749181806E+115
1.6621876686686599E+115
2.6894761435868405E+115
4.3516638122555E+115
7.041139955842341E+115
1.1392803768097841E+116
1.8433943723940184E+116
2.9826747492038025E+116
4.826069121597821E+116
7.808743870801623E+116
1.2634812992399444E+117
2.0443556863201068E+117
3.307836985560051E+117
5.352192671880158E+117
8.660029657440209E+117
1.4012222329320367E+118
2.2672251986760575E+118
3.668447431608094E+118
5.935672630284151E+118
9.604120061892246E+118
1.5539792692176397E+119
2.514391275406864E+119
4.0683705446245036E+119
6.582761820031368E+119
1.065113236465587E+120
1.7233894184687237E+120
2.788502654934311E+120
4.5118920734030345E+120
7.300394728337345E+120
1.181228680174038E+121
1.9112681530077724E+121
3.0924968331818106E+121
5.003764986189583E+121
8.096261819371394E+121
1.3100026805560978E+122
2.119628862493237E+122
3.429631543049335E+122
5.549260405542572E+122
8.978891948591907E+122
1.452815235413448E+123
2.3507044302726385E+123
3.803519665686087E+123
6.154224095958725E+123
9.957743761644812E+123
1.6111967857603536E+124
2.6069711619248347E+124
4.2181679476851883E+124
6.825139109610023E+124
1.1043307057295211E+125
1.7868446166905234E+125
2.8911753224200445E+125
4.678019939110568E+125
7.569195261530612E+125
1.224721520064118E+126
1.981641046217179E+126
3.206362566281297E+126
5.188003612498476E+126
8.394366178779773E+126
1.358236979127825E+127
2.1976735970058023E+127
3.5559105761336274E+127
5.75358417313943E+127
9.309494749273056E+127
1.5063078922412486E+128
2.437257367168554E+128
3.943565259409803E+128
6.380822626578357E+128
1.032438788598816E+129
1.6705210512566517E+129
2.7029598398554676E+129
4.3734808911121193E+129
7.076440730967588E+129
1.1449921622079707E+130
1.8526362353047294E+130
2.9976283975127E+130
4.85026463281743E+130
7.84789303033013E+130
1.269815766314756E+131
2.054605069347769E+131
3.324420835662525E+131
5.379025905010295E+131
8.70344674067282E+131
1.4082472645683115E+132
2.2785919386355933E+132
3.6868392032039045E+132
5.965431141839498E+132
9.652270345043403E+132
1.5617701486882901E+133
2.52699718319263E+133
4.08876733188092E+133
6.61576451507355E+133
1.070453184695447E+134
1.732029636202802E+134
2.802482820898249E+134
4.534512457101051E+134
7.3369952779993E+134
1.1871507735100351E+135
1.920850301309965E+135
3.1080010748200005E+135
5.0288513761299655E+135
8.136852450949967E+135
1.3165703827079932E+136
2.1302556278029898E+136
3.446826010510983E+136
5.577081638313973E+136
9.023907648824956E+136
1.460098928713893E+137
2.3624896935963886E+137
3.822588622310282E+137
6.1850783159066705E+137
1.0007666938216952E+138
1.6192745254123623E+138
2.6200412192340575E+138
4.2393157446464195E+138
6.859356963880477E+138
1.1098672708526896E+139
1.7958029672407375E+139
2.905670238093427E+139
4.7014732053341643E+139
7.607143443427591E+139
1.2308616648761756E+140
1.9915760092189344E+140
3.22243767409511E+140
5.2140136833140446E+140
8.436451357409155E+140
1.36504650407232E+141
2.2086916398132357E+141
3.573738143885556E+141
5.782429783698791E+141
9.356167927584346E+141
1.513859771128314E+142
2.4494765638867485E+142
3.9633363350150624E+142
6.412812898901811E+142
1.0376149233916874E+143
1.6788962132818685E+143
2.716511136673556E+143
4.395407349955425E+143
7.111918486628981E+143
1.1507325836584407E+144
1.861924432321339E+144
3.0126570159797796E+144
4.8745814483011185E+144
7.887238464280898E+144
1.2761819912582017E+145
2.0649058376862915E+145
3.3410878289444935E+145
5.405993666630785E+145
8.747081495575278E+145
1.4153075162206063E+146
2.2900156657781344E+146
3.7053231819987407E+146
5.995338847776875E+146
9.700662029775616E+146
1.5696000877552492E+147
2.5396662907328107E+147
4.10926637848806E+147
6.648932669220871E+147
1.0758199047708932E+148
1.7407131716929801E+148
2.8165330764638734E+148
4.5572462481568536E+148
7.373779324620727E+148
1.193102557277758E+149
1.9304804897398307E+149
3.1235830470175887E+149
5.054063536757419E+149
8.177646583775008E+149
1.3231710120532428E+150
2.1409356704307436E+150
3.464106682483987E+150
5.60504235291473E+150
9.069149035398718E+150
1.4674191388313447E+151
2.3743340423712165E+151
3.841753181202561E+151
6.216087223573778E+151
1.0057840404776338E+152
1.6273927628350117E+152
2.6331768033126457E+152
4.260569566147657E+152
6.893746369460303E+152
1.115431593560796E+153
1.8048062305068262E+153
2.920237824067622E+153
4.725044054574448E+153
7.64528187864207E+153
1.2370325933216519E+154
2.001560781185859E+154
3.238593374507511E+154
5.24015415569337E+154
8.478747530200881E+154
1.3718901685894252E+155
2.219764921609513E+155
3.5916550901989383E+155
5.811420011808452E+155
9.403075102007391E+155
1.5214495113815843E+156
2.4617570215823236E+156
3.983206532963908E+156
6.444963554546232E+156
1.042817008751014E+157
1.6873133642056372E+157
2.7301303729566514E+157
4.4174437371622886E+157
7.147574110118939E+157
1.1565017847281227E+158
1.8712591957400167E+158
3.0277609804681397E+158
4.899020176208156E+158
7.926781156676296E+158
1.2825801332884451E+159
2.075258248956075E+159
3.35783838224452E+159
5.433096631200595E+159
8.790935013445115E+159
1.422403164464571E+160
2.3014966658090826E+160
3.723899830273653E+160
6.025396496082736E+160
9.749296326356389E+160
1.5774692822439125E+161
2.552398914879551E+161
4.1298681971234637E+161
6.682267112003014E+161
1.0812135309126478E+162
1.7494402421129492E+162
2.8306537730255968E+162
4.580094015138546E+162
7.410747788164143E+162
1.1990841803302688E+163
1.940158959146683E+163
3.1392431394769516E+163
5.0794020986236347E+163
8.218645238100586E+163
1.329804733672422E+164
2.1516692574824805E+164
3.4814739911549024E+164
5.633143248637383E+164
9.114617239792286E+164
1.474776048842967E+165
2.3862377728221955E+165
3.8610138216651624E+165
6.2472515944873575E+165
1.010826541615252E+166
1.635551701063988E+166
2.64637824267924E+166
4.281929943743228E+166
6.928308186422468E+166
1.1210238130165696E+167
1.8138546316588163E+167
2.934878444675386E+167
4.748733076334203E+167
7.683611521009589E+167
1.2432344597343791E+168
2.011595611835338E+168
3.2548300715697173E+168
5.266425683405056E+168
8.521255754974774E+168
1.378768143837983E+169
2.2308937193354602E+169
3.6096618631734433E+169
5.8405555825089035E+169
9.450217445682346E+169
1.529077302819125E+170
2.47409904738736E+170
4.0031763502064847E+170
6.477275397593844E+170
1.048045174780033E+171
1.6957727145394175E+171
2.7438178893194507E+171
4.439590603858868E+171
7.183408493178319E+171
1.1622999097037188E+172
1.8806407590215506E+172
3.0429406687252694E+172
4.92358142774682E+172
7.96652209647209E+172
1.289010352421891E+173
2.0856625620690997E+173
3.3746729144909907E+173
5.46033547656009E+173
8.83500839105108E+173
1.429534386761117E+174
2.313035225866225E+174
3.742569612627342E+174
6.055604838493567E+174
9.79817445112091E+174
1.5853779289614475E+175
2.5651953740735385E+175
4.150573303034986E+175
6.715768677108524E+175
1.0866341980143511E+176
1.7582110657252035E+176
2.8448452637395545E+176
4.603056329464758E+176
7.447901593204313E+176
1.205095792266907E+177
1.9498859515873383E+177
3.1549817438542456E+177
5.104867695441584E+177
8.25984943929583E+177
1.3364717134737413E+178
2.1624566574033242E+178
3.498928370877066E+178
5.6613850282803905E+178
9.160313399157456E+178
1.4821698427437848E+179
2.3982011826595303E+179
3.880371025403315E+179
6.278572208062845E+179
1.0158943233466161E+180
1.6437515441529006E+180
2.6596458674995166E+180
4.303397411652417E+180
6.963043279151934E+180
1.126644069080435E+181
1.8229483969956285E+181
2.9495924660760636E+181
4.772540863071692E+181
7.722133329147755E+181
1.2494674192219447E+182
2.0216807521367203E+182
3.271148171358665E+182
5.2928289234953855E+182
8.56397709485405E+182
1.3856806018349436E+183
2.2420783113203486E+183
3.627758913155292E+183
5.869837224475641E+183
9.497596137630933E+183
1.5367433362106574E+184
2.4865029499737505E+184
4.023246286184408E+184
6.509749236158159E+184
1.0532995522342567E+185
1.7042744758500726E+185
2.757574028084329E+185
4.461848503934402E+185
7.219422532018732E+185
1.1681271035953133E+186
1.8900693567971865E+186
3.0581964603925E+186
4.948265817189686E+186
8.006462277582186E+186
1.2954728094771872E+187
2.096119037235406E+187
3.391591846712593E+187
5.487710883947999E+187
8.879302730660591E+187
1.436701361460859E+188
2.324631634526918E+188
3.761332995987777E+188
6.085964630514695E+188
9.847297626502471E+188
1.5933262257017168E+189
2.578055988351964E+189
4.1713822140536807E+189
6.749438202405644E+189
1.0920820416459324E+190
1.7670258618864968E+190
2.859107903532429E+190
4.626133765418926E+190
7.485241668951356E+190
1.211137543437028E+191
1.9596617103321636E+191
3.170799253769192E+191
5.130460964101355E+191
8.301260217870547E+191
1.34317211819719E+192
2.1732981399842448E+192
3.5164702581814347E+192
5.689768398165679E+192
9.206238656347114E+192
1.4896007054512793E+193
2.4102245710859905E+193
3.89982527653727E+193
6.310049847623261E+193
1.020987512416053E+194
1.651992497178379E+194
2.6729800095944324E+194
4.324972506772811E+194
6.997952516367244E+194
1.1322925023140055E+195
1.8320877539507298E+195
2.964380256264735E+195
4.796468010215465E+195
7.7608482664802E+195
1.2557316276695666E+196
2.0318164543175863E+196
3.287548081987153E+196
5.31936453630474E+196
8.606912618291892E+196
1.3926277154596632E+197
2.2533189772888524E+197
3.645946692748516E+197
5.899265670037368E+197
9.545212362785885E+197
1.5444478032823252E+198
2.4989690395609137E+198
4.0434168428432386E+198
6.542385882404152E+198
1.058580272524739E+199
1.7128188607651542E+199
2.771399133289893E+199
4.484217994055047E+199
7.25561712734494E+199
1.1739835121399988E+200
1.8995452248744928E+200
3.073528737014492E+200
4.9730739618889846E+200
8.046602698903476E+200
1.301967666079246E+201
2.1066279359695935E+201
3.4085956020488395E+201
5.515223538018433E+201
8.923819140067273E+201
1.4439042678085704E+202
2.3362861818152977E+202
3.780190449623868E+202
6.116476631439166E+202
9.896667081063034E+202
1.6013143712502202E+203
2.5909810793565236E+203
4.192295450606744E+203
6.783276529963268E+203
1.0975571980570012E+204
1.775884851053328E+204
2.873442049110329E+204
4.649326900163657E+204
7.522768949273986E+204
1.2172095849437642E+205
1.9694864798711628E+205
3.186696064814927E+205
5.15618254468609E+205
8.342878609501017E+205
1.3499061154187107E+206
2.1841939763688122E+206
3.534100091787523E+206
5.718294068156335E+206
9.252394159943859E+206
1.4970688228100194E+207
2.4223082388044054E+207
3.919377061614425E+207
6.34168530041883E+207
1.0261062362033255E+208
1.6602747662452085E+208
2.686381002448534E+208
4.346655768693743E+208
