1
2
11111
4
22222
11111
7
8
11111
22222
11
11111
13
14
33333
16
17
11111
19
22222
11111
22
23
11111
22222
26
11111
28
29
33333
31
32
11111
34
22222
11111
37
38
11111
22222
41
11111
43
44
33333
46
47
11111
49
22222
11111
52
53
11111
22222
56
11111
58
59
33333
61
62
11111
64
22222
11111
67
68
11111
22222
71
11111
73
74
33333
76
77
11111
79
22222
11111
82
83
11111
22222
86
11111
88
89
33333
91
92
11111
94
22222
11111
97
98
11111
